Time(ms)
198.182
2.75059
2.75264
2.75069
2.74915
2.75354
2.74842
2.74842
2.74944
2.74944
2.74944
2.74842
2.74742
2.74938
2.75248
2.74739
2.74842
2.75162
2.74739
2.74941
2.74842
2.74842
2.74534
2.74739
2.74739
2.74842
2.74669
2.75338
2.74944
2.7464
2.75354
2.75235
2.74822
2.74906
2.74915
2.74765
2.74842
2.7513
2.74739
2.75149
2.74944
2.75046
2.74979
2.75046
2.74912
3.31162
2.70848
2.68173
2.68147
2.68461
2.68192
2.68288
2.68362
2.67971
2.68288
2.68083
2.68288
2.68477
2.67878
2.68042
2.68419
2.68288
2.67981
2.67888
2.67978
2.68102
2.68083
2.68112
2.67786
2.68166
2.68288
2.68352
2.68186
2.67776
2.67792
2.68288
2.6817
2.68288
2.68224
2.68061
2.68083
2.68288
2.67974
2.68189
2.68288
2.68179
2.68493
2.67981
2.68022
2.68371
2.67994
3.23376
2.68208
2.68282
2.68061
2.68186
2.68256
2.68474
2.6791
2.68288
