Time(ms)
315.495
4.37622
4.40221
4.3928
4.3817
4.42339
4.42266
4.39398
4.38374
4.39706
4.40723
4.41446
4.42282
4.3696
4.37312
4.84467
4.37139
4.3768
4.36288
4.38067
4.3713
4.41651
4.38682
4.42611
4.42266
4.39194
4.39603
4.3735
4.42163
4.39536
4.41037
4.43462
4.38685
4.35923
4.38682
4.39194
4.45338
4.4199
4.40032
4.37178
4.40182
4.4288
4.40115
4.43494
4.39974
4.37261
4.39798
4.40013
4.43984
4.44928
4.42061
4.36326
4.39898
4.40627
4.40906
4.37331
4.4008
4.45149
4.37926
4.36022
4.42502
4.39808
4.40115
4.38288
4.34982
4.43366
4.3991
4.40912
4.36947
4.37555
4.38477
4.4553
4.38278
4.37206
4.39264
4.41139
4.36733
4.40554
4.40947
4.37366
4.36429
4.38998
4.38333
4.39706
4.38582
4.3817
4.37965
4.36627
4.40026
4.38675
4.39603
4.39942
4.41344
4.40195
4.43392
4.3991
4.3839
4.39203
4.41462
4.39501
