Time(ms)
147.603
3.97597
3.97414
3.97107
3.97517
3.97098
3.97014
3.9721
3.97107
3.96899
3.9895
3.97066
3.9721
3.97312
3.97107
3.96902
3.97414
3.97312
3.97712
3.9752
3.97107
3.97107
3.9721
3.97005
3.97274
3.97187
3.97005
3.97018
3.96902
3.88886
3.89837
3.88195
3.88074
3.88368
3.87994
3.87994
3.87882
3.87821
3.87808
3.87866
3.88096
3.88269
4.86707
3.87894
3.87885
3.8776
3.87994
3.87789
3.8809
3.87904
3.88198
3.88096
3.88221
3.8777
3.87994
3.88083
3.87904
3.87875
3.87693
3.88918
3.87859
3.8799
3.87891
3.87923
3.87712
3.87686
3.88096
3.87725
3.87789
3.87622
3.87782
3.87885
3.88301
3.87994
3.88086
3.87891
3.87789
3.87789
3.87891
3.88198
3.87606
3.87789
3.87891
3.8793
3.88096
3.88096
3.88026
3.88173
3.87789
3.87686
3.88275
3.87875
3.87882
3.87891
3.87795
3.87994
3.88074
3.87789
3.88134
3.88234
