Time(ms)
315.179
2.64205
2.68925
2.62554
2.64192
2.65226
2.67779
2.67283
2.6417
2.61619
2.66752
2.65933
2.67898
2.63462
2.6431
2.67674
2.64746
2.6625
2.63987
2.63264
2.66858
2.66403
2.63885
2.64614
2.64294
2.67261
2.66019
2.66406
2.66445
2.80906
2.62902
2.66752
2.64714
2.63987
2.6521
2.6368
2.68787
2.6359
2.65219
2.58458
2.58355
2.57325
2.60506
2.57446
2.56819
2.55974
2.59811
2.58253
2.57331
2.5897
2.56394
2.5815
2.62554
2.61018
2.62445
2.58326
2.57702
2.59984
2.57843
2.60096
2.63549
2.55251
2.56835
2.57843
2.57434
2.61418
2.5927
2.57702
2.58058
2.56739
2.57216
2.60573
2.58765
2.59174
2.63885
2.60576
2.5561
2.58154
2.5743
2.5897
2.59696
2.58995
2.62854
2.59248
2.59395
2.59718
2.57667
2.61018
2.55139
2.58765
2.59277
2.56246
2.5815
2.57021
2.55693
2.62451
2.59104
2.57536
2.58192
2.5929
