Time(ms)
16.2406
3.58195
2.77094
2.76605
2.77731
2.77088
2.76378
2.7759
2.77197
2.7656
2.76544
2.76518
2.7657
2.76282
2.76378
2.76378
2.7648
2.76595
2.76582
2.76445
2.76275
2.76413
2.76358
2.7648
2.76477
2.76477
2.76307
2.76992
2.76502
2.76582
2.76685
2.76483
2.76458
2.76544
2.76304
2.76579
2.7648
2.76582
2.76413
2.76621
2.69926
2.69821
2.69619
2.69824
2.69926
2.69888
2.69824
2.69722
2.69827
2.70029
2.70819
2.69802
2.69728
2.69722
2.69693
2.69718
2.69824
2.69706
2.69642
2.7032
2.6983
2.69712
2.69638
2.69754
2.69619
2.69718
2.69802
2.6976
2.69619
2.69619
2.69712
2.69747
2.69722
2.69376
2.69702
2.69888
2.69619
2.69795
2.69824
2.69722
2.69718
2.69718
2.69824
2.69722
2.69718
2.69747
2.69606
2.69542
2.69786
2.69533
2.69578
2.69782
2.69923
2.6959
2.69517
2.69635
2.69616
2.70029
2.69414
2.69722
