Time(ms)
152.15
1.08755
1.08339
1.08317
1.08339
1.08202
1.08211
1.0823
1.08336
1.08224
1.08211
1.08237
1.08374
1.08246
1.08323
1.0832
1.08214
1.08314
1.08266
1.08234
1.08211
1.08413
1.08214
1.08147
1.08262
1.08336
1.0815
1.08054
1.08237
1.08307
1.08326
1.08237
1.0823
1.08342
1.08125
1.08253
1.08438
1.0816
1.08237
1.08269
1.0873
1.08656
1.08362
1.08339
1.0833
1.0817
1.76845
1.08442
1.08422
1.0831
1.08355
1.0833
1.27408
1.08237
1.08259
1.08339
1.08339
1.75302
1.21958
1.08259
1.08237
1.08339
1.08259
1.78048
1.21958
1.08342
1.0833
1.08259
1.08339
1.77894
1.46944
1.08237
1.08339
1.08237
1.08362
1.21856
1.10307
1.08138
1.08336
1.08333
1.08237
1.27933
1.08339
1.08362
1.0824
1.08336
1.0824
1.39571
1.08237
1.08221
1.08339
1.08237
1.08442
1.40698
1.08237
1.08422
1.0825
1.08365
1.09795
1.2759
