Time(ms)
317.129
7.95264
7.95238
7.9575
7.9801
7.96045
7.99949
7.9711
7.98077
7.96467
7.95219
8.01997
8.00358
7.9657
7.9681
7.9575
7.96774
7.97456
7.96547
8.01802
7.97715
7.95853
7.97251
7.97206
7.97302
7.99027
7.99766
7.96259
7.96365
7.99219
7.96323
7.94733
7.99744
7.99875
7.96442
7.96851
7.96899
7.9831
7.98333
7.96877
7.97082
7.96192
7.98995
7.97277
7.9769
7.95869
8.01162
7.97965
7.97901
7.99232
7.9609
7.96774
7.96877
8.00806
7.98576
8.00771
8.04352
8.04534
7.97206
7.97757
7.97811
7.97459
8.06912
7.96742
7.96877
7.9881
7.95955
8.00694
7.96176
7.96259
7.9616
8.03523
7.96122
7.96365
7.96573
7.97082
7.95888
7.96173
7.97363
7.98106
7.96262
7.97405
7.95661
8.01107
7.9745
8.01008
8.0128
8.01824
7.96026
7.96032
7.97978
7.96381
7.96586
7.99443
7.9657
7.9967
7.99818
7.97117
7.97286
8.00461
