Time(ms)
315.919
0.996352
1.02467
0.992
1.02314
0.98288
1.024
1.00058
1.02912
0.996
1.03619
0.988192
1.02282
0.99936
1.02218
0.997248
1.01674
0.999776
1.02384
0.992256
1.03117
0.984992
1.02365
0.98816
1.01581
0.996352
1.02502
0.968032
1.03219
0.987136
1.02502
0.9872
1.15488
1.00256
1.03526
0.990112
1.0496
0.989184
1.01898
0.999456
1.0199
0.997376
1.01917
1.00851
1.02173
0.990912
1.02707
1.0025
1.03526
0.999712
1.01376
0.980992
1.01872
0.999488
1.04208
0.97792
1.0167
0.983808
1.01552
0.991552
1.03859
0.98896
1.02781
0.971456
1.02195
0.99552
1.02915
0.987136
1.04346
1.01478
1.02093
1.01478
1.03014
0.983072
1.03331
0.992192
1.01478
0.993984
1.00954
0.988864
1.03155
0.981728
1.02509
0.988832
1.02016
0.974688
0.990208
0.96256
0.99328
0.97808
0.99344
0.96528
0.99952
0.976896
0.979968
1.20352
0.999424
0.985088
1.00147
0.96768
