Time(ms)
190.293
0.495872
0.49152
0.491232
0.489472
0.488448
0.489184
0.489472
0.49152
0.488192
0.49152
0.492544
0.489472
0.48848
0.489536
0.489728
0.490528
0.494304
0.490496
0.48976
0.49024
0.48864
0.490144
0.488384
0.488512
0.491488
0.489472
0.489664
0.488448
0.492416
0.492384
0.490496
0.489824
0.492224
0.488448
0.489664
0.489856
0.49152
0.490112
0.491712
0.491232
0.49152
0.4888
0.489472
0.490496
0.489312
0.489472
0.492544
0.491584
0.490176
0.491232
0.49152
0.490496
0.490496
0.491296
0.49152
0.49152
0.490496
0.490304
0.48928
0.48928
0.492256
0.492544
0.49136
0.490112
0.492544
0.491392
0.491552
0.488576
0.490592
0.489632
0.4888
0.49152
0.490432
0.491712
0.491904
0.489472
0.49136
0.491232
0.489184
0.49136
0.489408
0.492544
0.492256
0.487776
0.490144
0.48752
0.489504
0.489312
0.48928
0.490688
0.492128
0.490496
0.513024
0.490496
0.490496
0.490304
0.490496
0.490496
0.49232
