Time(ms)
146.675
0.526336
0.523616
0.522656
0.524288
0.541696
0.522432
0.522912
0.523264
0.52304
0.523264
0.523264
0.522528
0.523072
0.522944
0.523264
0.523136
0.52416
0.523264
0.522144
0.522272
0.52224
0.521216
0.52224
0.522368
0.532544
0.5216
0.521216
0.522144
0.523264
0.524512
0.523264
0.523648
0.523168
0.521216
0.523168
0.523264
0.522336
0.522944
0.523264
0.524288
0.523552
0.523296
0.523264
0.524064
0.521536
0.523104
0.524128
0.523552
0.523264
0.52208
0.523264
0.523168
0.52224
0.523264
0.523648
0.523264
0.522336
0.52224
0.523232
0.52224
0.52224
0.523264
0.521856
0.521216
0.523232
0.52224
0.523104
0.522432
0.52352
0.52224
0.522464
0.523136
0.523424
0.523296
0.524288
0.52224
0.52224
0.523264
0.523264
0.523392
0.52224
0.525312
0.525312
0.521472
0.522112
0.52144
0.52224
0.522336
0.522144
0.52224
0.522592
0.522976
0.522944
0.522304
0.522976
0.524128
0.52224
0.522592
0.523264
