Time(ms)
316.088
1.5063
1.51626
1.51962
1.51626
1.51674
1.52653
1.53805
1.51754
1.51136
1.52976
1.50445
1.5177
1.4825
1.49811
1.5104
1.5104
1.5248
1.5136
1.51037
1.54112
1.50323
1.50016
1.53517
1.50435
1.50432
1.5104
1.51008
1.5167
1.51994
1.50938
1.51347
1.51738
1.50637
1.53117
1.50618
1.55254
1.49638
1.50426
1.52883
1.51136
1.50848
1.54666
1.51254
1.50323
1.4975
1.52045
1.49885
1.51142
1.51258
1.50285
1.47472
1.5008
1.53805
1.54589
1.51021
1.50653
1.51882
1.50835
2.35622
1.50528
1.44477
1.48186
1.45699
1.46842
1.46534
1.48685
1.47642
1.48554
1.48378
1.47354
1.46851
1.48365
1.45798
1.50922
1.46432
1.45613
1.46365
1.46432
1.46256
1.47661
1.46694
1.50118
1.45482
1.49094
1.47661
1.46253
1.4639
1.4551
1.48048
1.45613
1.44269
1.46637
1.48762
1.43872
1.45859
1.49581
1.48275
1.48301
1.48198
