Time(ms)
11.4853
0.535552
0.533504
0.534112
0.533504
0.532832
0.533504
0.533504
0.533504
0.53328
0.534528
1.02605
0.96176
0.533504
0.533504
0.532704
0.5344
0.534272
0.534528
0.53248
0.533504
0.544768
0.533728
0.55808
0.533504
0.883712
0.824416
0.68096
0.539648
0.534496
0.534304
0.533408
0.547648
0.535392
0.53248
0.53248
0.545664
0.53488
0.534464
0.927744
0.968704
0.53488
0.53424
0.538848
0.533664
0.532256
0.533696
0.544768
0.533504
0.534176
0.532704
0.538336
0.533504
0.533568
0.5584
1.06291
0.534528
0.539648
0.539328
0.534336
0.533728
0.537344
0.533504
0.533216
0.533504
0.53488
0.532704
0.534272
0.535552
0.535552
0.734432
0.539648
0.540448
0.534528
0.535424
0.533536
0.533696
0.533536
0.534528
0.533344
0.534688
0.533504
0.533504
0.533728
1.24541
0.907904
0.53168
0.533088
0.533504
0.53344
0.533472
0.533504
0.533504
0.533504
0.532704
0.535456
0.53424
0.534304
0.533728
0.535424
