Time(ms)
9.94432
6.58432
6.28019
5.46304
5.51638
5.45382
5.45392
5.45485
5.45587
5.45792
5.45958
5.46099
5.45664
5.45485
5.45376
5.45587
5.45866
5.45875
5.4569
5.45312
5.47098
5.45366
5.43018
5.42582
5.43232
5.43312
5.42621
5.42954
5.4279
5.42698
5.43242
5.43539
5.43328
5.43539
5.41901
5.36064
5.36867
5.36902
5.36502
5.36474
5.36883
5.3719
5.36368
5.36986
5.36189
5.36362
5.3615
5.36986
5.36995
5.3593
5.36586
5.37293
5.36374
5.36781
5.36474
5.39443
5.36678
5.36166
5.36874
5.36746
5.36182
5.36765
5.37725
5.36758
5.36576
5.36698
5.36691
5.36371
5.36371
5.36464
5.35869
5.368
5.36474
5.36566
5.36781
5.36883
5.3656
5.36678
5.36576
5.36064
5.3657
5.36262
5.36278
5.36474
6.06522
5.87878
5.32787
5.66394
5.32378
5.32582
5.32582
5.60333
5.66701
5.63712
5.64326
5.78806
6.0457
6.04506
5.96518
6.13171
