Time(ms)
12.5184
1.5063
2.05926
1.51552
1.52371
1.95277
1.52074
1.53395
1.52371
1.50442
1.53184
1.50502
1.51632
1.4912
1.50221
1.51949
1.50125
1.51869
1.50394
1.50285
1.51946
1.49408
1.49027
1.52608
1.83597
1.50205
1.50013
1.50656
1.5175
1.5104
1.51142
1.5121
1.51894
1.50333
1.52086
1.50522
1.54339
1.50502
1.49923
1.5217
1.50192
1.50838
1.53066
1.50733
1.49606
1.49978
1.52986
1.49811
1.51626
1.50733
1.49478
1.47046
1.51552
1.52474
1.53805
1.50528
1.50093
1.51434
1.50032
1.51462
1.51731
1.4776
1.5063
1.48723
1.5063
1.49773
1.48314
1.47354
1.4808
1.47994
1.47251
1.46022
1.4848
1.46598
1.50746
1.46022
1.46227
1.46339
1.45728
1.46442
1.47251
1.46771
1.49709
1.4639
1.47888
1.47661
1.44979
1.47456
1.45434
1.47354
1.45104
1.44598
1.46944
1.48566
1.44214
1.46432
1.48582
1.47357
1.47942
1.47354
