Time(ms)
12.7621
0.753792
1.30262
0.750688
0.749344
0.764064
0.759808
0.751328
0.751744
1.32528
0.750912
0.763008
0.748576
0.748704
0.749728
0.7488
1.31891
0.753792
0.7576
0.7496
0.749344
0.751232
0.749568
0.756736
1.71315
0.752256
0.748544
0.748544
0.751616
0.752448
1.36592
0.750592
0.751616
0.751648
0.7496
0.749152
0.749248
0.750784
1.42131
0.75264
0.751616
0.754656
0.747744
0.750368
0.74976
1.34144
0.786432
0.751872
0.750528
0.74752
0.749824
0.751776
0.749632
0.88576
0.749856
0.751616
0.750848
0.753696
0.750848
0.749568
0.748544
1.5319
0.752256
0.754688
0.76256
0.750944
0.751296
0.750816
1.41824
0.749568
0.750592
0.748544
0.794816
0.749312
0.75088
0.751744
0.750624
0.750656
0.749696
0.748544
0.750592
0.748288
0.749344
0.75184
1.2503
0.749568
0.756736
0.749536
0.748576
0.749568
0.749568
1.38125
1.07523
0.770048
0.749568
0.750592
0.749568
0.74752
0.750592
0.75264
