Time(ms)
12.3846
1.01174
1.06474
1.00976
1.05686
1.48992
1.19706
1.02362
1.05267
1.01478
1.0711
1.01133
1.83194
1.024
1.05693
1.02298
1.05587
1.71219
1.05472
1.01683
1.06429
1.02509
1.05146
1.0128
1.05984
1.02666
1.05866
0.99312
1.05862
1.66061
1.59066
1.01178
1.06474
1.02298
1.06829
1.01101
1.22163
1.024
1.05062
1.02368
1.0496
1.01971
1.05898
1.58106
1.05267
1.01459
1.06496
1.02611
1.06291
1.69974
1.0496
1.00659
1.0455
1.024
1.06941
1.00352
1.59949
1.00154
1.05165
1.01789
1.06253
1.01274
1.7369
0.995328
1.05197
1.02397
1.06192
1.01376
1.05779
1.69792
1.05699
1.02422
1.06128
1.00966
1.05894
1.72666
1.05062
0.995328
1.02525
0.99328
1.04029
0.985152
1.55366
0.989184
1.02733
1.00352
1.02048
0.98928
1.6896
0.999424
1.02726
0.990464
1.0263
1.00256
1.00864
0.97824
1.0335
1.00845
1.02576
0.98816
