Time(ms)
4.70502
1.23504
1.09363
1.09466
1.24518
1.09171
1.09261
1.09261
1.1
1.40387
1.75821
1.10387
1.10314
1.09373
1.38752
1.40902
1.09363
1.09341
1.09264
1.09261
1.09261
1.09251
1.09158
1.09194
1.11514
1.09261
1.09091
1.11018
1.09261
1.09261
1.09251
1.09363
1.09347
1.09341
1.09363
1.09254
1.09242
1.09264
1.09261
1.09181
1.09363
1.09325
1.0929
1.09277
1.09261
1.09158
1.09197
1.09171
1.09363
1.09254
1.09158
1.09562
1.09261
1.092
1.09363
1.09277
1.09194
1.09354
1.09158
1.09242
1.09846
1.09219
1.09363
1.09158
1.09158
1.09261
1.10989
1.09235
1.09251
1.09261
1.09158
1.09158
1.09261
1.09267
1.09331
1.09261
1.09155
1.09261
1.0937
1.09158
1.09261
1.09165
1.09075
1.09181
1.09363
1.0919
1.09037
1.09158
1.092
1.09158
1.09158
1.09222
1.09978
1.09181
1.09139
1.09274
1.092
1.09258
1.09261
1.09325
