Time(ms)
3.06202
0.502784
0.504928
0.504448
0.500928
0.5
0.644
0.50176
0.77232
0.499712
0.50256
0.502784
0.5152
0.500736
0.500672
0.500896
0.500736
0.504832
0.502752
0.499936
0.50096
0.50096
0.858112
1.11638
0.499712
0.499904
0.500704
0.50176
0.499712
0.502592
0.50176
0.500736
0.501984
0.502784
0.498688
0.499712
0.500352
0.50176
0.929664
0.502784
0.50176
0.501632
0.499648
0.499968
0.499776
0.499744
0.500544
0.501792
0.500992
0.499712
0.500544
0.501888
0.499712
0.507936
0.50176
0.50176
0.50096
0.498976
0.500736
0.499648
0.498784
0.500736
0.503552
0.50176
0.499712
0.50176
0.502784
0.50176
0.49952
0.501568
0.499712
0.500736
0.501696
0.499712
0.501824
0.502176
0.49984
0.50176
0.49984
0.498752
0.500768
0.498688
0.500736
0.50176
0.497024
0.49904
0.499552
0.511744
0.499744
0.498688
0.50064
0.50176
0.500736
0.500736
0.500736
0.525632
0.499712
0.499872
0.499968
0.502432
