Time(ms)
15.3364
4.90435
4.46371
4.44486
4.42374
4.42586
4.45235
4.43699
4.40736
4.41306
4.42982
4.45235
4.4656
4.4247
4.37485
4.42573
4.42778
4.46976
4.43299
4.42448
4.4401
4.46189
4.44416
4.44826
4.42368
4.46976
4.4503
4.40422
4.42381
4.39706
4.4288
4.46464
4.41222
4.43165
4.38362
4.40816
4.41549
4.43597
4.45251
4.45728
4.44416
4.40074
4.44384
4.41853
4.46054
4.40726
4.4503
4.43802
4.43085
4.4329
4.4247
4.38067
4.4288
4.46054
4.45338
4.43728
4.42787
4.44931
4.43392
4.44314
4.43187
4.3855
4.4329
4.44829
4.40515
4.48102
4.44298
4.45584
4.39603
4.45645
4.40358
4.43098
4.40909
4.4329
4.42762
4.48384
4.41546
4.43178
4.43894
4.43494
4.44211
4.46221
4.40934
4.41725
4.4471
4.39706
4.41651
4.44694
4.40912
4.41549
4.4544
4.44109
4.43197
4.46157
4.44115
4.50765
4.44698
4.40045
4.43277
4.42266
