Time(ms)
13.6888
2.66157
2.70982
3.12832
2.66154
2.67088
2.688
2.7249
2.65318
2.63987
2.69216
2.67162
2.68576
2.65728
2.65622
2.69082
2.67958
2.67603
2.67043
2.64499
2.67968
2.67562
2.66643
2.67059
2.6665
2.70336
2.68515
2.67264
2.67776
2.65242
2.65216
2.68186
2.66278
2.66115
2.67328
2.65626
2.69414
2.65523
2.6784
2.6784
2.66752
2.65933
2.6839
2.6665
2.65011
2.62877
2.67059
2.65728
2.66995
2.68051
2.66653
2.66349
2.72051
2.6912
2.69782
2.65523
2.64973
2.66995
2.66963
2.68698
2.72294
2.64378
2.63782
2.66538
2.65728
2.69942
2.68256
2.6665
2.66678
2.6545
2.64995
2.69312
2.63466
2.61955
2.64294
2.62694
2.5745
2.61427
2.60826
2.6152
2.61533
2.60723
2.64806
2.62246
2.62176
2.61427
2.6297
2.63334
2.59885
2.59891
2.62144
2.59677
2.58787
2.60474
2.58864
2.6665
2.60842
2.58909
2.61658
2.60538
