Time(ms)
13.9223
9.17606
8.08653
8.03328
8.00592
7.98506
8.00691
8.00605
7.9575
7.9551
7.98442
8.05776
7.94829
7.99152
8.04077
8.02336
8.06605
8.05376
8.02931
7.94704
7.968
8.08243
7.9936
8.0056
8.0265
8.0425
8.06419
7.95443
7.99869
7.99642
7.93571
8.05542
7.98515
8.08653
8.05171
8.96646
8.79206
7.9913
9.49978
9.58669
9.1392
8.63347
8.05008
8.02208
9.3905
9.50579
9.07571
7.97389
8.02032
9.48122
9.53446
8.74086
8.01485
8.93443
9.48326
9.46074
8.71014
8.00154
8.88115
9.44026
9.2201
7.95462
7.97491
9.6208
9.56314
8.08176
7.97405
9.4464
9.61536
9.16992
7.99232
7.97811
9.63482
9.22726
8.03638
8.00461
9.26208
9.53446
8.91187
8.0128
8.9224
9.48736
9.14944
8.0591
7.99987
9.4505
9.64506
8.69888
8.00358
8.87706
9.28768
8.04573
8.03328
8.05206
7.94826
8.02115
8.00384
7.99744
8.05264
9.63789
