Time(ms)
14.6278
5.01248
3.98336
3.98038
3.98518
3.98275
3.97722
3.98099
3.98336
3.98042
3.98131
3.98029
3.98336
3.98115
3.98032
3.97926
3.98253
3.98234
3.98336
3.91578
3.88813
3.8913
3.88813
3.89018
3.88915
3.89014
3.88896
3.88819
3.88986
3.8912
3.8871
3.89027
3.8912
3.88893
3.8904
3.88915
3.88704
3.8871
3.88915
3.89008
3.89389
3.8913
3.88931
3.89034
3.89325
3.88915
3.89162
3.8871
3.88915
3.89002
3.8912
3.88915
3.8911
3.89146
3.8911
3.89018
3.88915
3.8889
3.8912
3.89184
3.89107
3.88979
3.89018
3.89222
3.89018
3.88915
3.89133
3.88947
3.89776
3.89091
3.89222
3.89053
3.8953
3.89155
3.89002
3.88877
3.89037
3.88813
3.88925
3.89229
3.89222
3.89459
3.89018
3.88954
3.89827
3.8905
3.88982
3.89181
3.88832
3.89018
3.89325
3.89194
3.8912
3.88896
3.8871
3.89222
3.89088
3.88922
3.88931
3.8983
