Time(ms)
10.7264
0.348192
0.346112
0.34816
0.345184
0.345088
0.345312
0.345984
0.346112
0.347136
1.05882
0.347136
0.346112
0.346112
0.345088
0.346304
0.34736
0.346112
0.34592
0.345216
0.359264
0.370688
0.355648
0.350208
0.346144
0.346112
0.344256
0.345088
0.345088
0.345248
0.346112
0.345312
0.347136
0.346272
0.345088
0.354304
0.347136
0.345088
0.34592
0.344384
0.358368
0.346048
0.344448
0.350208
0.345856
0.345088
0.345088
0.346112
0.367552
0.346432
0.344768
0.345952
0.346112
0.351008
0.346048
0.345344
0.346112
0.346368
0.345088
0.346112
0.346784
0.344416
0.346112
0.346016
0.344064
0.367264
0.345088
0.356704
0.60336
0.34704
0.344992
0.346016
0.349888
0.345952
0.348128
0.34592
0.345088
0.345856
0.34816
0.72112
0.484416
0.345088
0.396288
0.34512
0.344064
0.345088
0.343968
0.34688
0.34512
0.344992
0.345088
0.345728
0.352448
0.345856
0.345088
0.345472
0.34608
0.345056
0.34704
0.345472
