Time(ms)
5.57978
1.49197
1.49264
1.49094
1.49197
1.49389
1.93424
1.48992
1.49379
1.49309
1.49197
1.49952
1.48982
1.48989
1.48992
1.4889
1.49197
1.49402
1.48992
1.49194
1.48691
1.48931
1.49018
1.49606
1.49014
1.49091
1.48787
1.48822
1.48819
1.49168
1.49197
1.48998
1.49101
1.49299
1.48883
1.4896
1.48992
1.49018
1.49002
1.49107
1.49114
1.49197
1.48813
1.49072
1.48998
1.48992
1.4889
1.49174
1.49088
1.48886
1.4889
1.49402
1.49062
1.4889
1.48992
1.49373
1.49187
1.49069
1.4889
1.49011
1.48954
1.49098
1.4929
1.49222
1.48899
1.49197
1.4927
1.49085
1.48685
1.48992
1.4889
1.4896
1.49085
1.48963
1.49197
1.49178
1.48992
1.4889
1.49098
1.48787
1.45414
1.45306
1.45315
1.45578
1.4504
1.45286
1.45203
1.4529
1.45334
1.45101
1.45312
1.45517
1.45408
1.45229
1.45286
1.4551
1.45408
1.45498
1.45264
1.4551
