Time(ms)
5.56544
2.04294
2.4168
2.04288
2.04186
2.31629
2.03981
2.04566
2.04186
2.04003
2.04288
2.04186
2.04288
2.04186
2.04112
2.04083
2.04285
2.0416
2.04083
2.04083
2.04083
2.04381
2.0409
2.44838
2.04186
2.04387
2.04083
2.04259
2.0409
2.03981
2.04198
2.04096
2.04272
2.04186
2.0415
2.0409
2.03981
2.04202
2.04125
2.04083
2.04163
2.0417
2.04102
2.04195
2.04067
2.04186
2.04182
2.04051
2.04186
2.03955
2.04118
2.04186
2.04083
2.04192
2.04186
2.04288
2.0409
2.04253
2.04077
2.03878
2.03949
2.0407
2.04102
2.04083
2.0407
2.04045
2.04083
2.0407
2.04083
2.04093
2.04118
2.0401
2.04288
2.04186
2.03984
1.99146
1.98941
1.98861
1.99056
1.98854
1.99066
1.98963
1.98896
1.98758
1.99069
1.98963
1.99987
1.98976
1.98886
1.98867
1.98861
1.99066
1.98986
1.98896
1.9887
1.98963
1.9887
1.98966
1.99043
1.98886
