Time(ms)
14.2254
1.59232
1.04346
1.04858
1.01888
1.02605
0.995328
1.0537
1.04346
1.01978
1.0199
1.16429
0.975872
1.22266
0.93888
1.1991
0.955392
0.95024
0.986112
0.951296
0.949248
0.953344
0.945024
0.950272
1.1735
0.965632
0.957568
0.955392
0.96256
0.955392
0.932768
0.9984
1.15507
1.03629
1.11834
0.986112
1.13066
0.986112
0.946176
0.961536
0.949248
0.965632
0.894976
0.957408
0.898048
0.960512
0.976032
0.95136
0.958464
0.949248
0.927744
0.949248
0.956416
0.974848
0.955392
0.968704
0.973824
0.96768
0.961536
0.997376
1.0169
1.00147
1.09683
0.969728
0.9472
0.95744
0.979904
0.950272
0.946176
0.940032
0.997376
1.00454
0.982112
0.960512
1.00867
0.968704
0.95232
1.00045
0.949248
0.94912
0.948224
0.973888
1.00147
0.99328
0.951296
0.968544
0.990208
0.9472
1.01376
0.950272
0.959488
0.942112
0.953344
0.941056
0.956416
0.949344
0.95232
0.949184
0.943104
0.9216