Time(ms)
194.301
0.744448
0.74304
0.740352
0.739296
0.738528
0.737888
0.738624
0.740352
0.737248
0.759808
0.741632
0.737536
0.738112
0.73968
0.739328
0.740384
0.741632
0.739328
0.738592
0.735648
0.737888
0.740416
0.736096
0.739072
0.740096
0.736256
0.737888
0.737984
0.741376
0.741376
0.739328
0.740352
0.741376
0.737344
0.738048
0.738176
0.742016
0.7392
0.74144
0.738656
0.74048
0.738304
0.740352
0.739328
0.73904
0.737696
0.741376
0.74064
0.73728
0.738176
0.741376
0.738496
0.739072
0.739328
0.740064
0.74096
0.739328
0.73856
0.739392
0.736672
0.740128
0.740352
0.73936
0.737984
0.740352
0.740224
0.741792
0.737024
0.738496
0.73728
0.739104
0.741152
0.73728
0.739328
0.742368
0.740256
0.739712
0.740352
0.73728
0.74128
0.738176
0.739328
0.741184
0.737056
0.73824
0.737088
0.738336
0.737856
0.738304
0.738304
0.740384
0.739328
0.738304
0.738304
0.74
0.739328
0.73728
0.738304
0.741376
