Time(ms)
193.317
1.48394
1.48179
1.47968
1.48067
1.47763
1.47763
1.4783
1.4807
1.47635
1.48035
1.4817
1.4815
1.47866
1.47866
1.48106
1.4815
1.48899
1.47866
1.47773
1.47664
1.47837
1.47894
1.47539
1.47866
1.47907
1.47558
1.47754
1.47747
1.47968
1.48173
1.47859
1.48058
1.48173
1.47763
1.47824
1.47946
1.47994
1.47776
1.48141
1.4807
1.4807
1.47866
1.48045
1.47962
1.47866
1.4785
1.48154
1.48038
1.4769
1.47786
1.47981
1.4807
1.47763
1.47866
1.47997
1.47968
1.47872
1.47878
1.47866
1.48582
1.47882
1.48106
1.47974
1.47763
1.47962
1.47936
1.47978
1.476
1.47866
1.47661
1.47795
1.47955
1.47763
1.47968
1.4551
1.44282
1.44198
1.44163
1.44077
1.44384
1.44077
1.57491
1.44387
1.44077
1.44109
1.43894
1.44077
1.44086
1.43974
1.44176
1.44394
1.44278
1.44246
1.44179
1.44282
1.44378
1.44362
1.44157
1.44384
