Time(ms)
150.201
2.03059
2.02848
2.02861
2.02957
2.02755
2.02736
2.02957
2.02944
2.02752
2.0295
2.02957
2.02752
2.02752
2.02832
2.0265
2.02966
2.02829
2.02752
2.0265
2.02669
2.02771
2.02752
2.02653
2.02854
2.0265
2.02688
2.02957
2.02941
2.02662
2.02822
2.0265
2.02547
2.02998
2.02854
2.02758
2.02547
2.02851
2.02717
2.02832
2.0265
2.02842
2.02723
2.02752
2.02752
2.02816
2.02854
2.0265
2.0279
2.02752
2.02662
2.02854
2.02752
2.02848
2.02723
2.02752
2.02784
2.02854
2.02957
2.02659
2.02918
2.0265
2.00099
1.97558
1.97542
1.97622
1.97734
1.97632
1.97488
1.9753
1.97728
1.97549
1.97837
1.9753
1.97837
1.97722
1.97619
1.99587
1.97654
1.9761
1.9753
1.97562
2.11056
1.97734
1.97734
1.97734
1.97645
1.97632
1.97606
1.97632
1.97632
1.97699
1.97734
1.97632
1.97632
1.9753
1.97706
1.9753
1.97635
1.97715
