Time(ms)
193.536
5.42611
5.41933
5.42582
5.4313
5.42499
5.42688
5.4231
5.42698
5.4353
5.42541
5.42618
5.42822
5.42314
5.42349
5.41882
5.42822
5.42515
5.42691
5.42618
5.42618
5.55661
5.42515
5.42413
5.42512
5.42557
5.42618
5.42429
5.42211
5.42208
5.42582
5.42288
5.43651
5.42931
5.4272
5.34026
5.33418
5.34182
5.33702
5.33901
5.33914
5.33709
5.34099
5.33722
5.3351
5.3361
5.33898
5.3359
5.33949
5.36474
5.34221
5.33933
5.34019
5.34006
5.34333
5.33811
5.33699
5.33402
5.34221
5.34032
5.33197
5.336
5.34102
5.33533
5.34426
5.33939
5.33405
5.33472
5.33709
5.33709
5.33197
5.33606
5.33776
5.33914
5.33773
5.33603
5.34323
5.33504
5.33629
5.33686
5.33619
5.33373
5.33914
5.33315
5.33418
5.33606
5.34352
5.33398
5.33478
5.32979
5.34426
5.32902
5.33914
5.33811
5.33606
5.33466
5.33811
5.34528
6.18701
5.33974
